76561198073699480
76561197978456162
76561197970062045
76561197988554316
76561198032448495
76561198046813496
76561198027571254
76561198140296948
76561198413121053
76561197965956723
76561197979943394
76561198087840354
76561198346009790
76561198081781007
76561198016547078
76561198025117529
76561198049801259
76561198052633828
76561198059746999
76561198101465004
76561198116105044
76561198218917896
76561197977240039
76561198033193280
76561198046375483
76561198030358870
76561198094250006
76561198049088894
76561197998462543
76561198038528708
76561197991926191
76561198073978960
76561197981255912
76561197989323400
76561198019282427
76561198010295347
76561198040059649
76561198043860113
76561197971545047
76561198071343290
76561197970325077
76561198076796019
76561198036785993
76561198085496989
76561198025915857
76561198041325736
76561198018077149
76561198313776388
76561198127609367
76561198143712563
76561198002040440
76561198121254736
76561198032175299
76561198032372814
76561198077173436
76561198069877965
76561197994568086
76561198081197047
76561198376903915
76561198372551076
76561198114308873
76561198333729234
76561198163606160
76561198014365344
76561197992992164
76561198191863303
76561198088604181
76561198181145357
76561198178621342
76561198068410141
76561198000406007
76561198183366437
76561198013788082
76561198003397502
76561198057108937
76561197973404542
76561198043722652
76561197996348593
76561198028763232
76561198331590561
76561198178041142
76561198104027775
76561198032974652
76561198026292358
76561198020062173
76561198046697509
76561197968616438
76561198000972402
76561197981723100
76561198078266186
76561198087065216
76561198092604118
76561198014252220
76561197969049043
76561198107533926
76561198045846275
76561197972315952
76561198005021715
76561197996666428
76561198072741087
76561198065943029
76561197991555292
76561197995651909
76561197992041150
76561198023844280
76561198031492607
76561198021794332
76561198040769216
76561198012697979
76561198034947959
76561198030997967
76561198000210336
76561197980419078
76561198115498959
76561198801789924
76561198019972228
76561198330654156
76561198159501179
76561197963535190
76561198032934762
76561198399590739
76561198090720181
76561198143619536
76561198314084032
76561198363770625
76561198192403437
76561198053386579
76561198258586238
76561197999991559
76561197981120262
76561198054790540
76561198009617833
76561198116722582
76561198028801576
76561198209811885
76561198118825240
76561198289507180
76561198297085111
76561197996993396
76561198095494490
76561198011320657
76561198335936745
76561198126597386
76561198012773088
76561198084470938
76561197965696260
76561198019132428
76561198069427356
76561198110542786
76561198075546179
76561198009991286
76561198171763335
76561198070400445
76561197970456800
76561198038959700
76561198011063277
76561198086527192
76561198067166307
76561197980867043
76561198313328481
76561198169390154
76561197964359723
76561198179011727
76561198093329687
76561198343486200
76561198020632285
76561198095796828
76561198095002523
76561198067781658
76561198324311837
76561198133894105
76561198345442786
76561198028830242
76561198200143765
76561198248088896
76561198080457087
76561198062123142
76561198109568278
76561198033143918
76561198075063517
76561197975665409
76561198037955450
76561198002734190
76561198258575429
76561197992181020
76561198289349518
76561198032130693
76561197965272559
76561198030272944
76561197987702804
76561198055209106
76561198066317056
76561198072105413
76561198104216646
76561198124125810
76561198452536526
76561198168813992
76561198056241761
76561198277331497
76561198106927059
76561198172883906
76561198151798970
76561198059532949
76561198046353514
76561198018656889
76561198055219577
76561198334964319
76561197972723520
76561198192739933
76561198045775268
76561198051953594
76561198142728141
76561198077410864
76561198061032303
76561197963122106
76561198068923231
76561198042423322
76561198161299447
76561198051125926
76561198167556108
76561198257110060
76561198151026717
76561197966727334
76561197990639443
76561198003225991
76561198425655522
76561198081912647
76561198033929014
76561198025029913
76561198038134352
76561198018779150
76561198118925528
76561198304207825
76561198251657308
76561197968032705
76561198008533327
76561198168619845
76561198295261711
76561198097659795
76561198069165922
76561198057154041
76561198299919898
76561198095300637
76561198004148816
76561198003353709
76561198015157723
76561198086288720
76561198092484009
76561198091058170
76561197998251752
76561198118681065
76561198813891324
76561198394739252
76561198048311020
76561198116522492
76561198089136149
76561198353169478
76561197977537487
76561198056045815
76561197994893132
76561197971848418
76561198434310746
76561198060394606
76561198107177142
76561198061971432
76561198044232307
76561198056265318
76561198108952837
76561198042229408
76561198069009899
76561198066922198
76561197977246923
76561198105344122
76561198258960636
76561198351042290
76561197968098675
76561197982279135
76561198053197321
76561198128001505
76561197996331510
76561198256730450
76561198199716070
76561198033398823
76561198063981136
76561198125037950
76561198007832908
76561198273789770
76561198030010224
76561197992788442
76561198372448455
76561198051862816
76561198079816752
76561198009619446
76561197963029161
76561198092151749
76561198035870763
76561198121315511
76561198127625247
76561198093859269
76561198208720269
76561198046463077
76561198060654842
76561198275240247
76561198017255506
76561198084611080
76561198816884789
76561198814055057
76561197972320960
76561198111800366
76561198015084102
76561198191273791
76561197969812526
76561198081643112
76561198060581229
76561198118700286
76561198380579473
76561198077729561
76561198052320463
76561198019871253
76561198353787400
76561198048393900
76561198042818037
76561198024608968
76561198021587721
76561197996956539
76561197969088239
76561198047713855
76561197995467419
76561198055284053
76561198074514792
76561198104307161
76561197999759868
76561198003012679
76561198157328366
76561197977010636
76561198095912684
76561198040137773
76561198048325101
76561198168797602
76561197983060551
76561198089665132
76561198007064525
76561198103465989
76561198036704358
76561198097633632
76561198013570652
76561197990351381
76561198313275918
76561197989472871
76561198018764855
76561198104015147
76561198246335704
76561198288566738
76561198164425967
76561198008167561
76561198317426515
76561198024366850
76561198118081409
76561198083088855
76561198048600244
76561198041064340
76561198023065577
76561197966042473
76561197984884305
76561198072186990
76561197974279987
76561198042190219
76561198050122055
76561198043441464
76561198064891800
76561198283081952
76561198169949242
76561198003218147
76561198029999508
76561198037487768
76561198120901436
76561197963034829
76561198012163365
76561198057031831
76561198814567926
76561198073612577
76561198001411298
76561198125177610
76561198158030338
76561198104463845
76561198027732341
76561198024994128
76561198042812061
76561197998123368
76561198056740093
76561198071164021
76561198058896690
76561198814485110
76561198224507484
76561197967901855
76561198118823966
76561198439583706
76561198032002140
76561198076896762
76561198146808728
76561198070327361
76561198123494122
76561198306931454
76561198049665007
76561197999960731
76561198006155365
76561198143074064
76561198083398994
76561198006837508
76561198050634465
76561198154683293
76561198062573040
76561198020209334
76561198279754091
76561198025302499
76561197995078557
76561197988747762
76561198029065905
76561198163526373
76561197964740568
76561198067357244
76561198025219433
76561198028963730
76561198034217884
76561198150004591
76561197975880355
76561198032750785
76561198047051306
76561198051464860
76561198027256063
76561198011739780
76561198024080640
76561198034182513
76561198031270852
76561198136538367
76561198394782663
76561198108614700
76561198200742591
76561198241529442
76561198313448988
76561198092965215
76561198047743520
76561198028194825
76561197970459100
76561198070395407
76561197990732959
76561198146179314
76561197962032347
76561198057486706
76561198022372520
76561198053806229
76561198819097492
76561198053881354
76561198067369280
76561198003649979
76561198128997177
76561198070600994
76561198028565001
76561198815032815
76561198115148900
76561197999500473
76561198078974728
76561198087749429
76561198084791306
76561198031498263
76561198052842709
76561198824325943
76561198817013787
76561198234221828
76561198000256452
76561198820464638
76561197971946873
76561198267770704
76561198113322748
76561198020048932
76561198051366317
76561198177384237
76561198051625911
76561198043827911
76561198205646613
76561198262919233
76561198050958445
76561198140370268
76561198132825000
76561198321098849
76561197992701194
76561198047107239
76561198399931778
76561198347493794
76561198352411140
76561197981065909
76561198058965589
76561198071986984
76561198254452994
76561198018856562
76561198087744608
76561198140524178
76561198060490583
76561198078631236
76561198073860522
76561198032339996
76561198319072891
76561198043724041
76561197989113814
76561198011309785
76561198135161027
76561197980788817
76561198285448865
76561198042011386
76561198013630551
76561197980718637
76561198065238036
76561198395486160
76561198170759613
76561198093204827
76561198081479010
76561198024302307
76561198076014966
76561198336933639
76561198038774579
76561198065256473
76561198151817072
76561198160367237
76561198813960565
76561198269197944
76561198310473130
76561198161396974
76561198037091122
76561198084470836
76561198001579577
76561197978887257
76561198081132302
76561198113681390
76561198006955861
76561197969491800
76561197975140963
76561197969554871
76561198001267001
76561197970165432
76561197966565524
76561198037740634
76561198067373460
76561198081842019
76561198034167006
76561198053781331
76561198082186614
76561198317236293
76561198826144216
76561198051045176
76561198026709597
76561198109816764
76561198086398356
76561197994206736
76561198040020733
76561198218872215
76561198036087523
76561198060414600
76561198084213960
76561198025268341
76561198066994169
76561198022253421
76561198362619578
76561198062666600
76561197971443276
76561198060301567
76561198029358804
76561198037967113
76561197961437253
76561198017047971
76561198037234683
76561198077848882
76561198862602177
76561198346679030
76561198113746813
76561198011144987
76561197964315834
76561198024552636
76561198058301732
76561198038317050
76561198119641368
76561198054257907
76561198002006572
76561198076889982
76561197970797443
76561198087701170
76561198104487819
76561198008479362
76561198026355989
76561197998752429
76561198022871043
76561197994788655
76561198135388556
76561198142391611
76561198116821294
76561198178840802
76561198044129133
76561197980152535
76561198037026148
76561198042246505
76561198044962751
76561198090242522
76561198154859085
76561198147173457
76561198077256026
76561198393715834
76561198056661506
76561197963722908
76561198053449214
76561198007357831
76561198077888742
76561198117675030
76561198368485804
76561197993997392
76561198015110305
76561198085464236
76561197993542774
76561197986694360
76561198009187472
76561197995672191
76561197988581950
76561198053686738
76561197998436099
76561198202646724
76561197981537445
76561198098521252
76561198006483087
76561198048416888
76561198006483087
76561198048416888
76561197962829782
76561198014609810
76561198168727076
76561197960393238
76561198086323675
76561198009008385
76561198046106096
76561198054416706
76561197995542187
76561197996069754
76561198044021584
76561198057865741
76561198011177135
76561198057823293
76561198049476987
76561198063790464
76561197960821036
76561198051521616
76561198240824098
76561198082080782
76561198066222927
76561198083917614
76561198420555543
76561197993492646
76561198002305841
76561198050807211
76561198020438973
76561198077669590
76561198034015438
76561198079299753
76561198120594305
76561198022611273
76561198124048446
76561197970433020
76561198123472324
76561198001896986
76561198018061552
76561198022084349
76561198015209550
76561198333322783
76561198050565801
76561198063119587
76561198053899096
76561198226136208
76561198126736680
76561198033996348
76561197972637411
76561197981555116
76561197972748767
76561198062800503
76561198203210607
76561198045407310
76561198150861972
76561198022239742
76561198058726393
76561197962852352
76561197972263284
76561198026106903
76561198205225855
76561198100123178
76561197970308498
76561198166343760
76561198027852669
76561197963169399
76561198120766602
76561198002204317
76561198081920419
76561198008530215
76561197972340290
76561198022224475
76561198360625460
76561198147218242
76561197992680713
76561198816367258
76561197997083672
76561198356038826
76561198077562065
76561198122427713
76561198046924103
76561198131902785
76561198045729568
76561198050252333
76561198082850372
76561197994683085
76561198003178045
76561197971648861
76561197972033277
76561198087108958
76561198039166404
76561198007033650
76561198019272132
76561198020422213
76561198050821166
76561198155715976
76561198195800635
76561198358337288
76561198096511996
76561198118033619
76561198032485302
76561198049159687
76561198045437242
76561198027105132
76561198001958903
76561198025654324
76561198076554355
76561198016415705
76561197994746835
76561198004148593
76561198218200176
76561198119453390
76561198027988925
76561197978247643
76561198008383087
76561197976872972
76561198125734945
76561198165675053
76561198334264026
76561198097665900
76561198025531070
76561198111368045
76561197977971725
76561197963015166
76561198014603804
76561198044672829
76561198043794242
76561197980906682
76561198046307048
76561197960306905
76561198038111638
76561198043915448
76561197991707208
76561197994082885
76561198124606058
76561197993514933
76561198074390398
76561198046950794
76561198101797512
76561197997121017
76561198040453140
76561197994459687
76561197987028803
76561197965852765
76561198058894649
76561198090470186
76561198006704849
76561198343452362
76561198000438605
76561198085516530
76561198075600461
76561198101117686
76561198037148901
76561198012034539
76561198032420126
76561198025662563
76561198138211179
76561198016994809
76561198130117455
76561198256461723
76561198816294896
76561198116768597
76561198025899707
76561198106882147
76561197983952649
76561197971664037
76561198008378884
76561198125319841
76561197987095517
76561198167627196
76561198025036608
76561198018754979
76561198026122349
76561198071666148
76561197992858972
76561198346461679
76561198074964635
76561198259241408
76561197963339351
76561197980660131
76561198011723938
76561197970848219
76561198015549350
76561198106616229
76561197971390905
76561198017961351
76561197960469746
76561198064180201
76561198072942693
76561198394864536
76561198012346705
76561197987884792
76561197993487292
76561198005117234
76561198151786129
76561198014458248
76561198090925167
76561198364251775
76561197963501712
76561198383561239
76561198039468798
76561198052364266
76561198084023285
76561198129781182
76561198075731778
76561198040839348
76561198064014161
76561198369732996
76561198025308195
76561198085043875
76561198040222637
76561197976751373
76561197997586188
76561198068107600
76561198090902984
76561198009002610
76561198824194889
76561197982170540
76561198006642179
76561198004582253
76561198062919330
76561198101195505
76561198069189274
76561198040189397
76561198039841124
76561198077712292
76561198111556683
76561198843032262
76561197960431892
76561197972528108
76561198220551351
76561197972419228
76561198079606036
76561198071633634
76561198013994851
76561198040204912
76561198013461531
76561197968300080
76561198198863495
76561198010381706
76561198324616450
76561197995010001
76561197996777214
76561198171733318
76561198433017586
76561198044188266
76561198003459914
76561198236915054
76561198033154814
76561197961742105
76561198145211911
76561198030590425
76561198056887501
76561198265186802
76561198047169367
76561198087946044
76561198025708204
76561198039930151
76561198075802788
76561198081358797
76561198013046991
76561198196202206
76561198114755211
76561198049855657
76561198107657623
76561198032179499
76561198029037661
76561198001791341
76561198139937374
76561198047516550
76561197968860390
76561198149152499
76561197995746336
76561198005268245
76561197998791376
76561198069834815
76561198039508778
76561198007025226
76561198023241442
76561198368944755
76561197995184599
76561198007290211
76561197984459999
76561197990275419
76561198003854762
76561198009136075
76561198028934130
76561198299661717
76561198052226425
76561198205112648
76561198047952059
76561198076911198
76561198052803766
76561198079746893
76561198019806840
76561198078258866
76561198153913729
76561198157108916
76561198062603031
76561197975293948
76561198027172152
76561198241888512
76561197992541187
76561198095109857
76561198025997969
76561198036223859
76561198080862418
76561198002229482
76561197965676754
76561197980779683
76561198029976383
76561198031395883
76561198134505590
76561198109987502
76561198037416376
76561198188714903
76561198052670853
76561198086253553
76561198042074913
76561198041894760
76561198259456390
76561198798104395
76561198007627748
76561198312676543
76561198115257468
76561197992313813
76561198046318481
76561198151092156
76561198063415695
76561198159518739
76561198046314515
76561198158060801
76561198165052917
76561198101198953
76561197966227247
76561197966557331
76561198137354057
76561197988747361
76561198182942559
76561197986339149
76561198013491196
76561198179472691
76561198204898741
76561198038561011
76561198057817689
76561198170361946
76561198323766066
76561197963774443
76561198401213867
76561198025194616
76561198025640379
76561198054630982
76561198118650319
76561198066912511
76561198405030898
76561197963951886
76561198158406570
76561198032088692
76561198141869868
76561197970498100
76561198378629419
76561198015832497
76561198042499197
76561198062593831
76561197997199462
76561198049708194
76561198137685937
76561198130080759
76561198147259186
76561198140340606
76561198065746001
76561198017785449
76561198069473572
76561198088305661
76561198109608906
76561198021187425
76561197968237592
76561197992535699
76561198145184600
76561197997275374
76561197997926239
76561198096167967
76561198086547631
76561197967728475
76561198112612913
76561198005523037
76561198001351087
76561198025017418
76561198031351491
76561198063225439
76561198065894705
76561198111572990
76561198117126223
76561198145151471
76561198192073125
76561198258656372
76561198262962839
76561198304769096
76561198121492860
76561198044766433
76561198114461679
76561198152708601
76561198013028513
76561198085624009
76561198321164756
76561198086624253
76561198118088933
76561198028682930
76561198188071445
76561198042248161
76561198123087504
76561198302914815
76561198354576633
76561198025721490
76561198364361414
76561198059328734
76561198083771985
76561198089389768
76561198101667603
76561198403054007
76561198068771938
76561197987296956
76561198052911051
76561198145060343
76561197962578635
76561198056778909
76561198136266160
76561198352215355
76561198090002675
76561198122057563
76561198050891998
76561197979145785
76561198132209777
76561198200005243
76561198021446178
76561198006690991
76561198003164314
76561197962114798
76561198073173057
76561198279881302
76561198109837826
76561198034621071
76561198036974159
76561198113180822
76561197971090665
76561198025244185
76561198128792954
76561197970426521
76561198123915613
76561197999694794
76561198005621223
76561198043548144
76561198067056390
76561198142523782
76561198216848076
76561198342084218
76561198040374587
76561198018178599
76561197970966728
76561198086134738
76561198165230439
76561198026074419
76561198050864780
76561198017664393
76561198015174968
76561198019111973
76561198070245792
76561197978129219
76561198121605428
76561198005270270
76561198026489900
76561198025522883
76561198155378093
76561198038428292
76561197988019548
76561198002482970
76561198066341414
76561198157853366
76561197994343536
76561198034107039
76561198268202205
76561198028347852
76561198016763643
76561198051359331
76561198120357700
76561198165296053
76561198326226187
76561198346517407
76561198357118910
76561198361451826
76561198059052416
76561198060845212
76561198134620694
76561198063154494
76561198072419055
76561198048481772
76561198083940650
76561198088598550
76561198819187302
76561198823140061
76561198823279628
76561198823967084
76561198824122507
76561198824145776
76561198824167437
76561198825483984
76561198825639642
76561198825686441
76561198825696712
76561198825710066
76561198825715157
76561198826249970
76561198016491100
76561198045795237
76561197997560925
76561198106178202
76561198032253321
76561198036584949
76561197989015511
76561198825673205
76561198117639375
76561198087322273
76561198032956094
76561198103070820
76561198014316857
76561198047459615
76561198049712043
76561198073092614
76561198015059606
76561197961026015
76561198017621295
76561198326480331
76561198081592207
76561198047534604
76561198016521622
76561198419151761
76561198058765939
76561198071517563
76561198391691799
76561197998292930
76561198117115737
76561198841958827
76561198066644993
76561198023382654
76561197964424205
76561197965386980
76561198038116357
76561197989339658
76561198081246031
76561198082053705
76561198262549352
76561198044656985
76561198046790751
76561198351482074
76561198088052134
76561198031582259
76561198144501070
76561198814478764
76561198120406679
76561198047186827
76561198839417682
76561198027197121
76561198154946484
76561198040084879
76561198037311796
76561198453341668
76561198036749765
76561198214660723
76561198064903292
76561198379228073
76561198118634375
76561198145258139
76561198114869618
76561197998660355
76561198053007219
76561198420458761
76561197960426845
76561198345978515
76561198081141325
76561198022089619
76561197968851058
76561198035685277
76561198086290545
76561198071278665
76561198131893913
76561197983781822
76561198111547093
76561198122829952
76561198018682969
76561197970746140
76561197995247321
76561198087650746
76561198040445694
76561198126660223
76561198086745099
76561197975289269
76561197995370372
76561197981052316
76561198028756598
76561198041283600
76561198448775910
76561198049150946
76561198112496555
76561198036380801
76561198079972088
76561198079362419
76561198011958265
76561198241277914
76561198007768127
76561198048836618
76561197961849964
76561198200942558
76561198026282239
76561198134894511
76561197962292794
76561197964826943
76561198069455637
76561198038691994
76561198321749642
76561198092180744
76561198062270966
76561198062179014
76561198046480961
76561198076365457
76561197992408406
76561198148011488
76561198170973327
76561198289976286
76561198059061322
76561198334577355
76561198400962694
76561198103291907
76561198379031582
76561198400052948
76561198157749988
76561198029027947
76561198034313407
76561197972026248
76561198345112220
76561198054587689
76561198108167628
76561198113847811
76561198060968913
76561198061277199
76561197962244025
76561198011473952
76561197992623289
76561198378293777
76561198202905800
76561198109306846
76561198072118034
76561198043874925
76561198042588545
76561198088561903
76561198077595936
76561198817175314
76561197976751917
76561197978016074
76561198089097275
76561198338008089
76561197994155512
76561197975143615
76561198010649078
76561198018858927
76561197977541561
76561197988729692
76561198370026555
76561198040603944
76561198010586242
76561198003743699
76561198351118479
76561198014520031
76561198010583223
76561198070658306
76561198258994167
76561198000770720
76561198001792324
76561198033927389
76561198039370431
76561197989527624
76561197977952029
76561198018675981
76561197994452693
76561198815841274
76561198817247491
76561198814834509
76561198019409753
76561198010140740
76561198094775006
76561198156010854
76561198284766394
76561198049512065
76561198050694007
76561198258472292
76561198047014904
76561198165377302
76561198030836769
76561198008961115
76561198049085495
76561198007139503
76561198084332176
76561198052765321
76561198025621409
76561198082126441
76561198132467479
76561197969345471
76561198874249962
76561198007551226
76561198077626952
76561197973634711
76561198136146074
76561198333697226
76561198043403627
76561197995066148
76561198046399954
76561198059783612
76561198084119088
76561198034357168
76561198093854861
76561198065568322
76561198313599946
76561198013461129
76561198167933818
76561198074688951
76561198090415178
76561198814625206
76561198025656096
76561197998605659
76561197970242617
76561198832532289
76561197969590325
76561197967808400
76561197980933589
76561198074317246
76561198000196741
76561197988033557
76561198067663425
76561198060404189
76561198426984374
76561198043219227
76561198189392606
76561198051790225
76561198080136352
76561198146833693
76561198007083499
76561197970998312
76561198028224402
76561198035576541
76561198188309131
76561198057718979
76561198287685393
76561197988159885
76561198038545525
76561198147543750
76561198062627663
76561197985402985
76561198056706658
76561198362049982
76561198068357878
76561198306235646
76561197992318921
76561198006470118
76561198002183666
76561198167866823
76561197992181215
76561198042889336
76561197970521706
76561197972314833
76561198002883399
76561198823854415
76561198042350011
76561198802713040
76561198021831889
76561198376234272
76561198329509437
76561198082115466
76561197977368000
76561197987687587
76561198010289390
76561198044011731
76561198086109961
76561198053024519
76561197973866953
76561197981072894
76561198036590773
76561198109138783
76561197992337340
76561197961402616
76561197997276199
76561198420861499
76561198010886906
76561198044716691
76561198125859571
76561198202437607
76561198055051795
76561198118522107
76561197990436960
76561197992912051
76561198156764198
76561198027690519
76561198025694736
76561198092700828
76561198065228529
76561197961829225
76561197964959431
76561197965939399
76561198219743664
76561198061837970
76561198027761919
76561198075305527
76561198156060555
76561198824462335
76561198082307951
76561198078328102
76561198819119775
76561198815828638
76561198030516813
76561198049735407
76561198173071491
76561197979742620
76561198002006056
76561198825151604
76561198041560069
76561198013892550
76561198151205184
76561198050312592
76561198086575617
76561198153791615
76561198274229548
76561198822583843
76561198009681869
76561198006387069
76561198821779925
76561198287679419
76561198041137464
76561198285789744
76561198310893760
76561197999538917
76561198081546911
76561198017751097
76561198081166745
76561198056729485
76561198087228550
76561198093871854
76561198142131390
76561198077680323
76561198056070322
76561197974671520
76561198146680984
76561198816474609
76561198065328763
76561198816517947
76561198824549930
76561198041290937
76561198049989367
76561198076436798
76561198089618800
76561198010201988
76561198055600392
76561198009597207
76561198094460938
76561198132970356
76561197992971656
76561198200084926
76561198011352484
76561198816809552
76561198051944374
76561198044856904
76561198090467233
76561198398199667
76561198821847602
76561198084256730
76561198082191670
76561198068913410
76561198107061020
76561198016475503
76561198084334680
76561198178368823
76561198823124190
76561198435916475
76561198821908233
76561198031248425
76561198273601772
76561198041105438
76561197982994108
76561198125006298
76561198022189324
76561198822161356
76561197968417447
76561198087076864
76561198332831698
76561198016004105
76561198018157137
76561198343874762
76561198336250553
76561198819436871
76561198101986083
76561198369421607
76561198023412463
76561198036829228
76561198063159103
76561198024945877
76561198073594189
76561198056498469
76561198377915430
76561198023960020
76561198044377829
76561198044608007
76561198046885648
76561198049338710
76561198064477060
76561198072563676
76561198072654128
76561198075251297
76561198076399914
76561198080700409
76561198094749165
76561198109211389
76561198111657423
76561198117513045
76561198134796594
76561198141272995
76561198158704579
76561198170354633
76561198211463811
76561198216209135
76561198219200276
76561198263723625
76561198324443638
76561198328217819
76561198408268924
76561198433214921
76561198451284956
76561198052336558
76561198089763116
76561198196130695
76561198053238934
76561198221017992
76561198131119532
76561198072870757
76561198026040231
76561198119548462
76561198026479367
76561198371347259
76561198194622701
76561198050606241
76561198083157867
76561198045184312
76561198063257972
76561198130530533
76561198040494215
76561198816514895
76561198003572410
76561198272370062
76561198821774525
76561197992786227
76561198814349558
76561197997830278
76561198065176013
76561198028653458
76561198073746167
76561198159158366
76561197999068092
76561198313888922
76561198073460521
76561198816957655
76561198143391828
76561198167192726
76561198071883094
76561198353799870
76561198042863102
76561198104055090
76561198814130041
76561198319572700
76561198051181533
76561198052889671
76561198319261745
76561198816767909
76561198109299481
76561198345327109
76561198816948826
76561198816440707
76561198825454570
76561198331417277
76561198105995675
76561198046335437
76561198311334904
76561198275008196
76561198070046910
76561198098334147
76561198070807264
76561197996121976
76561198077109518
76561198070212119
76561198107886765
76561198079736392
76561198012148006
76561198139563955
76561198139640217
76561197969324807
76561198816767909
76561198109299481
76561198345327109
76561198816948826
76561198816440707
76561198825454570
76561198331417277
76561198105995675
76561198046335437
76561198311334904
76561198275008196
76561198070046910
76561198098334147
76561198070807264
76561197996121976
76561198077109518
76561198070212119
76561198107886765
76561198079736392
76561198012148006
76561198139563955
76561198139640217
76561197969324807
76561198026503146
76561198010906740
76561198044825337
76561198201087479
76561198032813977
76561198026128829
76561198064560173
76561198814509880
76561198811027397
76561198082760732
76561198086004065
76561198169547527
76561198142779983
76561198059782991
76561198081537501
76561198198197265
76561198139510681
76561198047564743
76561197973406438
76561198208651936
76561197990944330
76561198129083321
76561198133029229
76561197972162317
76561198048022150
76561198407910599
76561198087384156
76561198130250717
76561198008011147
76561198016106090
76561197960475991
76561198023703042
76561198013774785
76561198000312093
76561198175078658
76561198423897928
76561198815176815
76561198252523968
76561198071683731
76561198126762995
76561198038854673
76561198011176110
76561198014944827
76561198041212135
76561198024696463
76561198015716358
76561198279948739
76561198083572823
76561198131877205
76561198843343656
76561198876884636
76561198047260451
76561198071072815
76561198184107761
76561198196592918
76561198002969921
76561198025157709
76561198453520850
76561198121924425
76561198077570543
76561198066111222
76561198253611363
76561198045096902
76561198821213294
76561198094973529
76561198053165493
76561198011408196
76561198261648630
76561198373470261
76561198871873697
76561198179239774
76561197962104587
76561197987211461
76561198078807124
76561198327641836
76561198032153471
76561198076612941
76561198283080230
76561197983415468
76561198189800942
76561198202909479
76561198070329335
76561198091963183
76561198044788973
76561198043748907
76561198015646027
76561198021199420
76561198077458893
76561198806885974
76561198244418432
76561198030439509
76561198185293529
76561198059901204
76561198032825919
76561198105624941
76561198106940017
76561197979691435
76561198119335555
76561197972224254
76561198054507227
76561198075260461
76561197981303206
76561198103626062
76561197993617283
76561198082793324
76561197968810006
76561198042675532
76561198012533731
76561198256514969
76561197983269764
76561198075162908
76561198020246369
76561198037415861
76561198136935731
76561198075563122
76561197970372189
76561198058076854
76561198208812701
76561198060201650
76561198109302861
76561198079273076
76561198118999922
76561197997706614
76561197990574320
76561198146821421
76561198051269339
76561198059032060
76561198071127442
76561198179113878
76561198083487819
76561198038107634
76561198017179143
76561198090728000
76561198136169444
76561198061948900
76561198030905637
76561198263871084
76561198190208315
76561198336814455
76561198159671708
76561198064478038
76561198406037158
76561198071753574
76561198043349321
76561198346071695
76561198252562736
76561198002843818
76561198407256890
76561198061045976
76561198202877988
76561198050881013
76561198040396751
76561198053546310
76561198161819252
76561198098213404
76561198276143717
76561198055379222
76561198089682966
76561198051687784
76561198000723556
76561198023052984
76561198800195499
76561198108732356
76561198076647728
76561198126623007
76561198023534333
76561197990442902
76561198097635822
76561197969648784
76561198087971317
76561198874319291
76561198009209325
76561198250324648
76561198254585258
76561198178982254
76561198036793952
76561198016375429
76561198046117915
76561198193541028
76561198003036103
76561198069956542
76561198130396337
76561198187854033
76561198071501858
76561198449055458
76561198237581038
76561198056289949
76561198095481872
76561198106955822
76561198159634933
76561198096650863
76561197978361639
76561198010497400
76561198175293358
76561198021309238
76561198140859516
76561198055843143
76561198011696992
76561197966835116
76561198003207106
76561198003315337
76561198038757693
76561198041799748
76561198047364792
76561198063607576
76561198068977148
76561198069415314
76561198071661878
76561198073894038
76561198074788550
76561198077112716
76561198078538114
76561198079250984
76561198097172676
76561198106625908
76561198109130553
76561198124728913
76561198126389151
76561198137978893
76561198144182542
76561198148530672
76561198158093829
76561198168061447
76561198200910661
76561198202050381
76561198225418380
76561198251129372
76561198380255166
76561198848590377
76561198074301886
76561198259839049
76561198082126730
76561198005663350
76561197967015977
76561198005136627
76561198088609536
76561198098067946
76561198106533349
76561198120132867
76561198126739309
76561198158654132
76561198179465077
76561198200515130
76561198230196840
76561198354425990
76561198802624178
76561198150849813
76561198283182985
76561198128454288
76561197985789301
76561197966764145
76561198843299927
76561198159938058
76561198009479036
76561198073117506
76561197997571553
76561198028707291
76561197999766614
76561198165668627
76561198397162278
76561198278278792
76561198326617496
76561198031643487
76561197978190191
76561198046385360
76561198075166118
76561198080995463
76561198280123984
76561198046664381
76561197972498037
76561198070130547
76561198168903545
76561198106094983
76561198421035705
76561198880050163
76561198070712738
76561198160605875
76561198119374553
76561198401126552
76561198083771302
76561197982280098
76561198804285335
76561198015287227
76561198059829731
76561197998287631
76561197984747627
76561198108230680
76561197990789335
76561198241143278
76561198053646388
76561198074855583
76561198393905473
76561198163280217
76561198057138125
76561198023320357
76561198066308626
76561198031413513
76561198050017006
76561198074451486
76561198033046665
76561198081982535
76561197993475599
76561198122861117
76561198044221417
76561197991071111
76561198029277869
76561198084492592
76561198009798344
76561198307296219
76561198095125489
76561198092835337
76561198089980376
76561198052740874
76561198014618106
76561197960309411
76561198165655055
76561198000428840
76561197996582235
76561198242099242
76561198311347075
76561198326693457
76561198853566632
76561198013591254
76561197993748460
76561197987397857
76561198089896527
76561198328158635
76561198051044133
76561198141321498
76561198014186569
76561198018660587
76561198115125964
76561198075450185
76561197965687359
76561198373897763
76561197960713171
76561198069130417
76561197973790811
76561198105440158
76561198156498501
76561197992756524
76561198010012768
76561198067406734
76561198276322080
76561197979649947
76561198105627668
76561198044465356
76561198046088772
76561198055706587
76561198076735568
76561198307629413
76561198008801653
76561197996389533
76561198287733801
76561197970844043
76561197972372662
76561197993032411
76561198093486345
76561198104133076
76561198140306253
76561197962467752
76561198054245366
76561197971881423
76561198043608386
76561198055715755
76561198011703568
76561198216842040
76561198342001497
76561198405896685
76561198072679398
76561198009821053
76561197964924884
76561198819227889
76561198049809424
76561198054685229
76561197980594859
76561198139351246
76561198248618452
76561198802214075
76561198094974594
76561198049076350
76561198237429050
76561198004891103
76561198057627792
76561197983278641
76561198283064806
76561198066359604
76561198092402094
76561198140574927
76561198058128589
76561198116658602
76561198329087822
76561198191823321
76561198060038131
76561198005209766
76561198068109649
76561198157203215
76561198316722760
76561198046151233
76561198085070730
76561198070959269
76561198109731545
76561198118828402
76561198033801002
76561198017923523
76561198036020514
76561198148929193
76561198060651787
76561198080604219
76561198074412809
76561198073982510
76561197986709871
76561197999287175
76561197988691112
76561198192602341
76561198116464249
76561198162333068
76561198294528384
76561197961889522
76561198074452218
76561198423235392
76561198019336167
76561198187532561
76561198007940057
76561197970483388
76561198141568927
76561198134499837
76561198068208616
76561198054679180
76561198163413810
76561198025402266
76561198164543481
76561198024011304
76561198272254929
76561198148336340
76561198388929324
76561198085304380
76561198026864449
76561198146096512
76561198130267998
76561197980981978
76561198081075764
76561198166705550
76561198287826247
76561198157787981
76561198079052968
76561197982908582
76561197972268267
76561198074576528
76561198054416061
76561197984681540
76561197961923372
76561198095371860
76561198006116436
76561198031252255
76561198256521092
76561198026843791
76561198080472534
76561197992976722
76561198076850665
76561198084128239
76561198158322272
76561198334703828
76561198005699792
76561198092575220
76561198026712130
76561198148283143
76561198307506455
76561197988895480
76561197993880077
76561198061463582
76561198112804180
76561198122207133
76561198260795439
76561198243046030
76561198204526540
76561198089234350
76561198024179365
76561198347181657
76561198115533873
76561198319460728
76561198044747921
76561198190440969
76561198106447787
76561198014795057
76561198114939482
76561198077052659
76561198077329138
76561198116496260
76561197985935568
76561197983325740
76561198032848163
76561198097697516
76561198111762606
76561198352245047
76561198093225868
76561198269005262
76561198797995996
76561198809256918
76561198080314837
76561198103677603
76561198185397038
76561198104999370
76561197976376973
76561198037967618
76561198173235330
76561198050401939
76561198119805250
76561198295260204
76561198301604382
76561198316356323
76561198133773637
76561198073932247
76561198146492042
76561197983013686
76561197974431189
76561198091798427
76561198051595886
76561198007544967
76561198023374640
76561198287203879
76561198313157502
76561198858766847
76561198302185699
76561198095040336
76561198034127589
76561198803227218
76561198386852169
76561198042395945
76561198091148711
76561198267273274
76561198080106641
76561198386729877
76561198062668315
76561198052035930
76561198215896888
76561198036385812
76561197991627626
76561198118868396
76561198094345587
76561198118914887
76561198399577243
76561198088892950
76561198045894654
76561198319095577
76561198009885976
76561198108589542
76561198061482769
76561198337174269
76561197975041225
76561197963707533
76561198071343568
76561198048080432
76561198090028656
76561198114686272
76561198361775994
76561198853087614
76561198896130366
76561198150701554
76561198057938062
76561198077263582
76561198033880992
76561198077694107
76561198058412577
76561197994622773
76561198136281816
76561198067244474
76561197968882780
76561198180573341
76561198043873102
76561198163933283
76561198352664729
76561198841088335
76561198138661763
76561197989852572
76561198109073551
76561198009400814
76561197971236583
76561198007889400
76561198034892249
76561198281119972
76561198195546505
76561198310870299
76561197998388304
76561198002183272
76561198078066183
76561198022742923
76561198119230769
76561198115597882
76561198240096202
76561198175605541
76561198084382996
76561198440422050
76561198013953979
76561198356925723
76561198119578645
76561198421525247
76561198097594499
76561198015292756
76561198029486813
76561198075159451
76561198074344302
76561198083189799
76561198029512145
76561198157007774
76561198037947219
76561198063990628
76561198139558266
76561198121567210
76561198131200410
76561198062800636
76561197972999076
76561198121679140
76561198333494795
76561198015659051
76561197977079310
76561198057330088
76561198083440081
76561198078517415
76561198096015757
76561198017065381
76561198109168592
76561198047469277
76561198119246607
76561197987966989
76561197982010317
76561197990427224
76561197999248027
76561198254156175
76561197998576592
76561198024619087
76561198105997824
76561198006290324
76561198327567210
76561197975736579
76561198053534678
76561198052209691
76561198010143565
76561198047405491
76561197979825416
76561197993162095
76561198080150459
76561198006548623
76561198044977397
76561198344511511
76561197969355448
76561198109628523
76561198169573610
76561198099050659
76561197965057336
76561198079089156
76561198071276590
76561198159017032
76561197961946310
76561198083099877
76561198002569242
76561198084464432
76561198401234970
76561198036108865
76561198022241961
76561198068722724
76561198010112231
76561198038444946
76561198140890092
76561198802663441
76561197968497755
76561198038622590
76561198051442553
76561198061706920
76561198060718512
76561198051936166
76561198045863518
76561198072089118
76561197996955175
76561198269390766
76561197960681943
76561198118565679
76561198069092623
76561197999945636
76561198146432200
76561198025871998
76561198107322331
76561198069497342
76561198015250307
76561198256243728
76561198085521147
76561198102423455
76561198155338279
76561198028551665
76561198046766183
76561198051974799
76561198088720181
76561198136459280
76561198155985444
76561198057092565
76561198207717416
76561197960754221
76561198047007071
76561198082900865
76561198329313840
76561198028344315
76561198148467239
76561198119891241
76561198071972212
76561198214080941
76561198021596110
76561198011689197
76561197983620731
76561198245423802
76561198191834613
76561198001210995
76561198031220903
76561198057899999
76561198186011383
76561198042464680
76561198052288740
76561198081879213
76561198108583342
76561198248517836
76561198094805141
76561198137906365
76561198255168573
76561198005376919
76561198804113023
76561198053673838
76561198074291006
76561198823523392
76561198177532966
76561198030291962
76561198005864178
76561198042572223
76561198449855831
76561198006827695
76561197983958661
76561198140077991
76561198233908872
76561198402166849
76561198394848756
76561198007406370
76561198053568113
76561198442481347
76561198442748375
76561198081084496
76561198443397937
76561198086228792
76561198084051881
76561198120487532
76561198089647991
76561198035768537
76561198032049358
76561198442323451
76561198068456083
76561198206519043
76561197987656473
76561198009963015
76561198014268489
76561198060524243
76561198114443199
76561197962640749
76561198071604471
76561197992858382
76561198441969923
76561198005892428
76561197993214549
76561198007171145
76561198309538246
76561198274664621
76561198003737038
76561198296465770
76561198058273687
76561198062677701
76561198096367660
76561198108932864
76561198175869030
76561198361857789
76561198110602572
76561198052462541
76561198044177279
76561198441849954
76561198028488036
76561197966520050
76561198303230246
76561198055611966
76561197987969186
76561198442569601
76561198442888317
76561198084839530
76561198046039878
76561198811683896
76561198052351530
76561198441410106
76561198275564798
76561198378326414
76561198013012539
76561198033289907
76561198063118185
76561198068300481
76561198146352496
76561198197686186
76561198215723755
76561198350973580
76561198429116834
76561198808589697
76561198849230320
76561198391914347
76561198254285748
76561198148421091
76561198398652122
76561198325875815
76561198049725125
76561198140389525
76561198180687739
76561198139615164
76561198316078997
76561198107660304
76561198363927004
76561198111907281
76561198134831672
76561198161077662
76561198161594148
76561198176704802
76561198260761401
76561198431454547
76561198276170480
76561198263007278
76561198355551771
76561198018496118
76561198013654454
76561198046065248
76561198098708188
76561198118719585
76561198283429990
76561198201870516
76561198196520165
76561198368253202
76561198227951064
76561198226674428
76561198086565825
76561198326499044
76561197997987349
76561198286478705
76561197999977678
76561198092953897
76561198370474373
76561198019261339
76561198385859004
76561198110250064
76561198082683352
76561198317387821
76561198039594862
76561198078317682
76561198161235134
76561198042125957
76561198042869936
76561198091684322
76561198122027867
76561198306227973
76561198406862559
76561197961976110
76561198128847995
76561198204269808
76561198833167544
76561198097137826
76561197966615913
76561197990266260
76561197994419300
76561198045036217
76561198165671486
76561198156384283
76561198425063143
76561198822879391
76561198060068530
76561198027992259
76561198184027489
76561198071022740
76561198166240717
76561198098975966
76561198138804874
76561198427234756
76561198142204375
76561198013741388
76561197961797440
76561198017533448
76561198108930828
76561198131789300
76561198065622953
76561198070852435
76561198010541278
76561198271592876
76561198218772103
76561198109887981
76561197963913962
76561198062560514
76561198283050060
76561197972751954
76561198060313658
76561198074632747
76561197979447482
76561198310444339
76561198011784961
76561198026771536
76561198160747731
76561198025756250
76561198099822899
76561198035296905
76561198012068525
76561198008678095
76561198131569349
76561198008414148
76561198017106447
76561198085584066
76561198066232599
76561198056778124
76561198037674650
76561198150496762
76561198158375940
76561198368390915
76561198351225854
76561198077965530
76561198084024382
76561198392524645
76561198345914600
76561197998365611
76561197968004491
76561198037236130
76561198008688974
76561198011094015
76561198333644272
76561197980042037
76561198117219585
76561198136689269
76561197964224104
76561198031672772
76561198060598607
76561198188367302
76561198120444567
76561198008880463
76561197994017869
76561198192361690
76561198014584487
76561198154350144
76561197997794820
76561198130781024
76561198009404718
76561197993242607
76561198054107050
76561198388123902
76561197978409137
76561198027817375
76561198038778579
76561198022596439
76561197962224397
76561198035906896
76561198009269849
76561198141078516
76561198443583018
76561198047427085
76561198099982856
76561198155170457
76561198002530711
76561198041125093
76561197970609892
76561197981204840
76561198007803897
76561198014684818
76561198028764640
76561198035187563
76561198046567405
76561198075054019
76561198110557676
76561198141295877
76561198147050912
76561198160759062
76561198188937971
76561198229950916
76561198326287070
76561198802770817
